002266022,002266022,002266022
007966702,007966702,007966702,007966702
001147948,001147948,001147948,001147948
005267974,005267974,005267974,005267974
004586812,004586812
002260507,002260507,002260507,002260507,002260507
003098413,003098413,003098413
001055428
004209742,004209742,004209742,004209742,004209742
002105123,002105123,002105123
010011314,010011314,010011314
005054831,005054831,005054831,005054831,005054831
004100634
005183489,005183489,005183489,005183489
007463683,007463683
007166484,007166484,007166484,007166484,007166484
007164126,007164126,007164126,007164126,007164126
003381644,003381644,003381644,003381644,003381644
006102489,006102489
009241228,009241228,009241228,009241228
004249395,004249395,004249395,004249395
004229601,004229601,004229601,004229601,004229601
004302810
005324141,005324141,005324141,005324141
001033128,001033128,001033128,001033128,001033128
005011576,005011576,005011576,005011576,005011576
009148632,009148632,009148632,009148632,009148632
007324716,007324716,007324716,007324716,007324716
008163084,008163084,008163084,008163084,008163084
005051036
009162101,009162101,009162101,009162101,009162101
001361421,001361421,001361421
001039362,001039362,001039362,001039362,001039362
004188480,004188480,004188480,004188480
007095947,007095947,007095947,007095947,007095947
008140150,008140150,008140150,008140150,008140150
001141658,001141658,001141658,001141658
006056011,006056011
003264691
002057894
002226469,002226469,002226469
007167194
001283720,001283720,001283720,001283720,001283720
005109196,005109196,005109196,005109196
001011373
002096138,002096138
001145133,001145133
007966702
007018561,007018561,007018561,007018561,007018561
003249631,003249631
006140902,006140902,006140902,006140902,006140902
001184165
001269603,001269603,001269603,001269603,001269603
007281085
003014809,003014809,003014809,003014809
007227273,007227273,007227273
009127385,009127385,009127385,009127385,009127385
001031648,001031648,001031648
007181232,007181232,007181232,007181232
008054712,008054712,008054712,008054712
006036873,006036873,006036873,006036873
008038328
009382634,009382634,009382634,009382634,009382634
009186533,009186533,009186533,009186533,009186533
002408513,002408513,002408513,002408513,002408513
007144024,007144024
003099006,003099006,003099006,003099006
008056676,008056676
004092917,004092917,004092917,004092917,004092917
007704169,007704169
005129884
007183284,007183284,007183284,007183284,007183284
002181558,002181558,002181558,002181558
007642962
001149503,001149503,001149503,001149503,001149503
003160507,003160507,003160507,003160507,003160507
005144278,005144278,005144278,005144278,005144278
001125398,001125398,001125398
007227619,007227619,007227619,007227619
008262654
009162092,009162092,009162092,009162092,009162092
002344408,002344408
003098413
001053315,001053315
003283482
008247875
004019540,004019540
004016348,004016348,004016348,004016348,004016348
003093585,003093585,003093585
008369209,008369209,008369209
003207706
007246225,007246225,007246225
004075672,004075672,004075672,004075672,004075672
006208770,006208770,006208770
009161598,009161598,009161598,009161598
001109519,001109519,001109519,001109519,001109519
002342112,002342112,002342112
005079922,005079922
003076932,003076932,003076932
007200303,007200303,007200303,007200303,007200303
004015925,004015925,004015925,004015925,004015925
007167937,007167937,007167937,007167937
008097380,008097380,008097380,008097380
001092525,001092525,001092525
008201053
001140131
002161128
008327809
006283240,006283240,006283240,006283240,006283240
002078399,002078399,002078399
007324122,007324122
002144144,002144144,002144144,002144144
006686794,006686794,006686794,006686794,006686794
005129884,005129884,005129884
003264691,003264691,003264691
002102998,002102998,002102998,002102998
002168344,002168344,002168344
005019894
006056011,006056011
008140590,008140590,008140590,008140590,008140590
001525778,001525778,001525778
002344408
004649838,004649838
005039440,005039440,005039440,005039440
007126424,007126424,007126424,007126424,007126424
004206670,004206670,004206670
001058630,001058630
001163343,001163343,001163343,001163343,001163343
008522716
005249409,005249409,005249409,005249409
008101774,008101774,008101774,008101774,008101774
008093006,008093006,008093006,008093006,008093006
004649838
005224534,005224534,005224534,005224534,005224534
008147048,008147048,008147048,008147048,008147048
005308285,005308285
009076223,009076223,009076223
001520233
003149212,003149212,003149212,003149212,003149212
003125227,003125227,003125227
002105123,002105123
007621313,007621313,007621313,007621313,007621313
003207706
008097179
002341300,002341300,002341300
007246225
004050536
004502969,004502969,004502969,004502969,004502969
007704169
009037772,009037772,009037772,009037772
005051125,005051125,005051125
008146233,008146233,008146233,008146233,008146233
006055336
005184742,005184742,005184742,005184742,005184742
004407406,004407406,004407406,004407406
009076223
002205444,002205444,002205444,002205444,002205444
005928339
001282884,001282884
002126373
009097769
009225538,009225538,009225538,009225538
008187646
001011373,001011373,001011373,001011373
001145589,001145589,001145589,001145589,001145589
008017305
009168162,009168162,009168162,009168162,009168162
005244040,005244040,005244040
004209581,004209581,004209581,004209581,004209581
004010318,004010318,004010318
007205479,007205479,007205479,007205479,007205479
004282351
004225785,004225785,004225785,004225785
001384423,001384423,001384423,001384423,001384423
001268060,001268060,001268060,001268060,001268060
008526764,008526764,008526764
001304610,001304610,001304610,001304610,001304610
005144511,005144511,005144511,005144511,005144511
004321741,004321741
007017319,007017319,007017319
001105943
001162872,001162872,001162872,001162872,001162872
004386413,004386413
008094189,008094189
002302802,002302802
006165108,006165108,006165108,006165108
008059311,008059311,008059311
004446900,004446900,004446900
002144074,002144074,002144074,002144074
004821458,004821458,004821458,004821458,004821458
005685100,005685100,005685100,005685100
001162438,001162438,001162438,001162438
006013820,006013820,006013820,006013820,006013820
002207978
009241228
008262654,008262654
005162048
007644730,007644730,007644730,007644730,007644730
001429335
002090563,002090563,002090563,002090563,002090563
008247875,008247875
004014015,004014015
006309332
003078663
004301627,004301627,004301627,004301627,004301627
004589565
005051036
004343911,004343911,004343911,004343911,004343911
006145554,006145554,006145554,006145554,006145554
001541425,001541425,001541425,001541425
008369209
009078664
007091566,007091566,007091566,007091566,007091566
007109975,007109975,007109975,007109975
007072181,007072181
005055501,005055501
004183653,004183653,004183653,004183653,004183653
001075386,001075386,001075386,001075386
001184165,001184165
003109003,003109003,003109003,003109003
005584088
002017767,002017767
007326380
003104567,003104567,003104567,003104567,003104567
002015211,002015211
006144278,006144278,006144278,006144278
003058369,003058369
004050536,004050536,004050536
004687701,004687701,004687701
001077292,001077292,001077292,001077292,001077292
005051509,005051509,005051509
006187788,006187788,006187788,006187788,006187788
007091532,007091532,007091532,007091532,007091532
003030603
001125906,001125906,001125906
002098390,002098390
005167932,005167932,005167932,005167932,005167932
002034041
003325085
005031414,005031414,005031414,005031414,005031414
008206303,008206303,008206303,008206303
002268992,002268992,002268992,002268992
007283248,007283248,007283248,007283248,007283248
007033012,007033012,007033012,007033012,007033012
003074818,003074818,003074818,003074818
001016545,001016545
003325085,003325085,003325085
007073061
005241109,005241109,005241109,005241109
004525992,004525992,004525992,004525992,004525992
006362620
002247455,002247455
004326472,004326472,004326472,004326472
007204758,007204758
004645661,004645661
008145627,008145627,008145627,008145627,008145627
005075039,005075039,005075039
001121576,001121576,001121576,001121576,001121576
007144024
003030603
009100511,009100511
008247265,008247265,008247265,008247265,008247265
004589565,004589565,004589565,004589565
002161128,002161128
007441137,007441137,007441137,007441137,007441137
004036335,004036335
006017642,006017642,006017642,006017642,006017642
003148053
008121548,008121548,008121548
007326380,007326380,007326380
002148670,002148670,002148670
004644316
004345032
002187448,002187448
003249631,003249631,003249631
006073825,006073825,006073825,006073825
009161598
007072568,007072568
005109452,005109452
003109003
006341959
001221865
002286291,002286291,002286291,002286291,002286291
001017065,001017065,001017065,001017065
007308522
001141694,001141694,001141694,001141694,001141694
003050421,003050421,003050421
005240083,005240083,005240083
005077419,005077419,005077419,005077419
009074614,009074614,009074614,009074614,009074614
007246225
005107036,005107036,005107036,005107036
001167721,001167721,001167721,001167721,001167721
008017313,008017313,008017313,008017313,008017313
007460003,007460003
005280951,005280951,005280951,005280951
009097769,009097769,009097769
003361597,003361597,003361597
004038174,004038174,004038174,004038174
005201737,005201737
007300665,007300665
007227273
007144361,007144361,007144361,007144361,007144361
001524578,001524578,001524578,001524578
004144430
008185030,008185030,008185030,008185030,008185030
005079922,005079922
006502976,006502976,006502976,006502976,006502976
006039722,006039722,006039722,006039722,006039722
005121393,005121393,005121393,005121393
002127374,002127374,002127374,002127374,002127374
004100025,004100025,004100025,004100025
004645661,004645661,004645661
005529596,005529596,005529596
005093009,005093009,005093009,005093009,005093009
008522716
003168425,003168425,003168425,003168425
007264821,007264821,007264821,007264821
001404620,001404620,001404620,001404620
007460003,007460003
005242086,005242086,005242086,005242086,005242086
007642962,007642962
007327625,007327625,007327625,007327625,007327625
010018489,010018489,010018489,010018489,010018489
007018683,007018683
002344408,002344408
008094189
001145133
008303693,008303693,008303693
004647762
005308285,005308285
001012716,001012716
001404285,001404285,001404285,001404285
001163144
004282351,004282351,004282351,004282351
001145133
001103348,001103348,001103348,001103348
006162229,006162229,006162229,006162229,006162229
005180292,005180292,005180292,005180292
004093526,004093526,004093526,004093526
001079199,001079199,001079199,001079199
003246290,003246290,003246290,003246290,003246290
008147182,008147182,008147182,008147182
004649838
004123622
008072173,008072173,008072173,008072173,008072173
007227619
003033742,003033742,003033742,003033742,003033742
007017319
009037143
002098390
007166020,007166020,007166020,007166020
006055336,006055336
008097179,008097179
003077732,003077732
004586812
002144074
009443126,009443126,009443126,009443126,009443126
005104539
002057894,002057894,002057894
001161961,001161961,001161961,001161961,001161961
007183066,007183066,007183066
005421645,005421645,005421645,005421645
002011628,002011628,002011628,002011628
008522716
003302829,003302829
009055222
001053315
001079199
006143371
007147895
005243413,005243413,005243413,005243413,005243413
006052503,006052503,006052503
004014015
005140873,005140873,005140873,005140873,005140873
005183489
004264021,004264021,004264021,004264021
002010530,002010530,002010530,002010530,002010530
006320503,006320503,006320503,006320503,006320503
005326825
005123325
007160423,007160423,007160423,007160423
004644316
009093882
008425192,008425192,008425192,008425192
001059563,001059563,001059563
008160452
001227587
001016545,001016545,001016545
007147895,007147895
004123622,004123622,004123622,004123622
006203805,006203805,006203805,006203805
005123220,005123220,005123220
003407849,003407849,003407849
006283941
007183066
008072710,008072710,008072710,008072710,008072710
009448553,009448553,009448553,009448553
005051036,005051036
005017702,005017702,005017702,005017702
005055504,005055504,005055504
005367024,005367024,005367024,005367024
001072809,001072809,001072809,001072809
001186227
004422056
008201053,008201053
008160452,008160452
005162048
005421645
005011279,005011279,005011279,005011279,005011279
004036335
002144144
006362569,006362569,006362569,006362569,006362569
002011990,002011990,002011990
002015211,002015211,002015211
001104620,001104620
008227466,008227466,008227466,008227466,008227466
002226469,002226469
007543382,007543382,007543382,007543382
007107307
007369288,007369288,007369288,007369288
008165246,008165246,008165246,008165246,008165246
006565726,006565726,006565726
003168425
005201737,005201737
004260543,004260543,004260543,004260543
002162655,002162655
005123325,005123325
008169569,008169569,008169569,008169569,008169569
009448553
008013094,008013094,008013094,008013094
001055428,001055428,001055428,001055428
007225365,007225365,007225365,007225365
006144278
001095553,001095553,001095553
006122501,006122501
008090020,008090020
003019434,003019434,003019434,003019434
004144516,004144516,004144516,004144516,004144516
004140157,004140157,004140157,004140157
004647762,004647762,004647762,004647762
004321741,004321741,004321741
002057353,002057353,002057353,002057353
001017065
002078399,002078399
008183750,008183750,008183750,008183750
008209848,008209848,008209848,008209848
004030706,004030706,004030706,004030706,004030706
008097179
002098390
005019894
007018683,007018683
005520395,005520395,005520395,005520395,005520395
006283941
004644316,004644316,004644316
009036606,009036606,009036606,009036606,009036606
002203475,002203475,002203475,002203475,002203475
002129852,002129852,002129852,002129852
006362694,006362694
002018251
005055501,005055501
008364692,008364692,008364692
007327154,007327154,007327154,007327154,007327154
007072181,007072181,007072181
009145188,009145188,009145188,009145188,009145188
006097140,006097140,006097140,006097140,006097140
002013443,002013443,002013443,002013443,002013443
007125938,007125938,007125938,007125938
008262654
001520233,001520233,001520233,001520233
007142614,007142614,007142614,007142614,007142614
007422195,007422195,007422195,007422195
002162655,002162655
002161128
001053315
003078663,003078663
004147578,004147578
008094189
005051509,005051509
005143653,005143653,005143653,005143653
007466792,007466792,007466792,007466792,007466792
005229116,005229116,005229116,005229116,005229116
004100478,004100478
009091313,009091313
002342097
006348274,006348274,006348274,006348274
001031648
009263409,009263409,009263409,009263409,009263409
007099629,007099629,007099629,007099629
004249395
008209848
004268387,004268387
001200157,001200157,001200157
007303510
009076223
001034799
002096138,002096138
005584088,005584088
007072568,007072568
008327809,008327809,008327809
005248340,005248340,005248340,005248340
007404936,007404936,007404936,007404936,007404936
007404590,007404590
004260543
008090020
001148313
005055501
001019774,001019774,001019774,001019774
005160599,005160599,005160599,005160599,005160599
007840826
003283482
005367024
002342097,002342097
007563161,007563161,007563161,007563161,007563161
008094189
004488739,004488739
005467854,005467854
008383940,008383940,008383940,008383940,008383940
007265907,007265907,007265907,007265907,007265907
004100025
009093882,009093882
003325085
005161568,005161568,005161568,005161568
002108057
003058369,003058369
003109780,003109780,003109780,003109780,003109780
006143371,006143371
001092525
010011314
002100986,002100986
006162036,006162036,006162036,006162036
001125398
001206205,001206205,001206205
004488739,004488739
001099445,001099445
003058369
005160003,005160003,005160003
008206382
005143653
005244040,005244040
002343527
009037143
006091066
003228574,003228574,003228574,003228574
001361421
002148670,002148670
003125227
007167194
006641042,006641042,006641042
003148053,003148053,003148053
007404590,007404590,007404590
007303510,007303510,007303510
005667916
004640524,004640524,004640524,004640524
008289946,008289946,008289946,008289946,008289946
006641042,006641042
005019894
005388771,005388771,005388771
001035231,001035231,001035231,001035231,001035231
005146129,005146129,005146129
008038328,008038328,008038328
002302802,002302802
007109975
003030603,003030603
004188480
002163180
002181558
006015853,006015853,006015853,006015853,006015853
002163180,002163180
005123933,005123933,005123933,005123933,005123933
002126373,002126373,002126373,002126373
001361421
001059563
002108057
006362620,006362620,006362620,006362620
008526764
001184258,001184258
006222635,006222635
001184165
008100623
007326380
001221865,001221865,001221865,001221865
001541425
001429335
003102047,003102047,003102047,003102047
001282884
009367181,009367181,009367181,009367181,009367181
003386170
007300665,007300665
004162151,004162151,004162151,004162151,004162151
006469192
007304399,007304399,007304399,007304399,007304399
001200863,001200863,001200863,001200863,001200863
004386413,004386413
005584088
001163144
002247455,002247455,002247455
002104832,002104832,002104832,002104832,002104832
006309332
004100634
003030148,003030148,003030148,003030148,003030148
008102033,008102033
004446900
005200614,005200614,005200614
008187646
009346657,009346657,009346657,009346657,009346657
005308285
006565726
001227587,001227587,001227587,001227587
003102047
009228859,009228859,009228859,009228859,009228859
005078526,005078526
004661058,004661058,004661058,004661058,004661058
004326472
005078526,005078526,005078526
005388771,005388771
005019894
003148053
008092008,008092008,008092008,008092008
007145558,007145558,007145558,007145558,007145558
004038174
003148245,003148245,003148245
002071771,002071771,002071771,002071771
004147578,004147578,004147578
004100478
007281085,007281085,007281085,007281085
006056011
003148245
003229088
006204390,006204390,006204390,006204390,006204390
009269970,009269970,009269970
009093882
004036335
008522716
002341300
003302829
005123325
008017305
004322933
007543382
003407849
009248674,009248674
009093882
008262654
004094399,004094399,004094399
008485508,008485508,008485508,008485508,008485508
003386170,003386170
005102201,005102201,005102201,005102201
009078664,009078664,009078664
004364310,004364310,004364310
001034799
003221109,003221109,003221109,003221109,003221109
002102998
002162655
004322933
003074818
008034533,008034533,008034533,008034533
006469192,006469192
005264431,005264431
005707147,005707147,005707147
001012716,001012716
004386413
001039203
005109452,005109452,005109452
006309332,006309332,006309332
009527735,009527735,009527735,009527735
008187646
004144430,004144430,004144430,004144430
005264431
009248674,009248674,009248674
003283482
007304973
004488739
002161128
002320193,002320193,002320193,002320193
008206382
001058630,001058630,001058630
007183066
003030603
005163826,005163826
007264821
008247875
007289583,007289583
001059563
008013094
007220723,007220723
007289583,007289583,007289583
009078664
003148245
001186227,001186227,001186227,001186227
005685100
006565726
003229088
001520661,001520661,001520661,001520661
007642962
003361597
001206205
008187646,008187646
001052165,001052165,001052165,001052165
009037772
004302810,004302810,004302810,004302810
005163826
008059311,008059311
007220723,007220723
009221574
007300665
004104752,004104752
002187448,002187448
001200157
005077419
008364692
007462005,007462005,007462005,007462005
002034041,002034041,002034041
005707147
007181232
004306416,004306416,004306416
009225538
003407849
008147182
003098413
002018251,002018251,002018251
003283482
006102489,006102489
006036873
001400252,001400252,001400252,001400252
004140157
008038328
002099168
001039203,001039203,001039203,001039203
007144024
004345032,004345032
001034799
005055504
007308522
008097179
008201053
005183713
005529596,005529596
005164895,005164895
007167194,007167194
008303693
001184258,001184258
005125861
001072809
006320076
007840826,007840826
005240083,005240083
002011990,002011990
004327208,004327208,004327208
001105943,001105943,001105943
001018085,001018085,001018085
001092525
002018251
001163144
007304973,007304973
005164895,005164895
001148313,001148313,001148313
005667916
007125938
004446900
001525778,001525778
005107036
005075039
008303693
007107307
007099629
009162202
007017319
008247875
001104620,001104620
001018085
002207978,002207978
003283571
001200157
008102033
006076266,006076266,006076266,006076266,006076266
001104620
001162438
005183713,005183713,005183713
005183713
006341959,006341959,006341959
006266730,006266730,006266730,006266730,006266730
004640695,004640695,004640695,004640695,004640695
004322933,004322933,004322933
005163826
003229088
006073825
008160452
007107307,007107307,007107307
009203757,009203757,009203757,009203757,009203757
001140131,001140131,001140131
005584088
008017305,008017305,008017305
005123220
003302829,003302829
003207706,003207706,003207706
005162048,005162048
004094399
009527735
007073061
007369288
008327809
007227273
007704169
005249409
005125861
009055222,009055222,009055222,009055222
007073061,007073061,007073061
006283941,006283941
004422056,004422056,004422056
002343527
004100634
001429335
003058208,003058208,003058208,003058208,003058208
008092258,008092258,008092258,008092258
006143371
005269978,005269978,005269978,005269978,005269978
005248340
009162202
007167937
004010318
004640524
007463683,007463683
001145133
006091066,006091066,006091066
005467854
006121966,006121966
005667916
003093585
001140131
008121548,008121548
004094399
008092008
007224129,007224129,007224129,007224129,007224129
009269970
001031648
008056676,008056676
004100634
008090020,008090020
002266022
001095553,001095553
005104539
004268387
004014015
006362694
005201737
007147895,007147895
005667916
008526764
005928339,005928339,005928339,005928339
003125227
002100986
004364310
006121966
006469192,006469192
002100986
005264481,005264481,005264481,005264481,005264481
003229088
005326825,005326825
005160003
001052165
007166020
005123325
005104539
005039440
005163826
005326825
002057894
004036335
004407406
008206303
006052503,006052503
009162202,009162202,009162202
006362694
004019540
002343527
006320076
004050536
002342097
005326825
002098390
005075039
007303510
001184165
007324122,007324122,007324122
007304973,007304973
006122501
008102033,008102033
002343527
001148313
002099168
005180292
002342112
002096138
005200614,005200614
002099168
003050421
001099445
009269970
005164895
006320076,006320076,006320076
001019774
001282884
006165108
007204758,007204758
006362694
008160452
002342097
004327208,004327208
004268387
003283482
008034533
005051036
006222635,006222635
007308522
007072568
002034041
002017767,002017767
005019894
006609311,006609311,006609311,006609311,006609311
008100623,008100623,008100623,008100623
003077732,003077732,003077732
002343527
004209098,004209098,004209098,004209098
004104752
006341959
002302802
004364310
001404285
006162036
008054712
006283941
005707147
002011628
006122501
001125906
002187448
005123220
006102489
001075386
004649838
001105943
008369209
005102201
010011314
003228574
005129884
001206205
004093526
009221574,009221574,009221574
008425192
003283571
008013658,008013658,008013658
001141658
004206670
004019540,004019540
004306416
003093585
009221574
006055336,006055336
001429335
008092258
005079922
004306416
006348274
006143371
002099168,002099168
002017767
009100511,009100511
003283571
003050421
008056676
004345032
004586812
007160423
006203805
002071771
004345032
008522716
004100478
007840826,007840826
001429335
003019434
001125398
001147948
004264021
009091313
007308522
001163144
006122501
009091313
008206382,008206382
001404620
007642962
001099445
004100478
001012716
002268992
004422056
004687701,004687701
005055504
001099445
004209098
005109196
009037143,009037143
002266022
006208770,006208770
003078663
007704169
004104752
007204758
004586812
007225365
002341300
009091313
009100511
005017702
008013658,008013658
003386170
001282884
005264431
005267974
001103348
004100634
007460003
005324141
002129852
003099006
001400252
006091066
002320193
005121393
005051125
001184258
005241109
002100986
005667916
005467854
005104539
006121966
005280951
006222635
009037143
002108057,002108057
003283571,003283571
005467854
008201053
003078663
003076932,003076932
008364692
005146129,005146129
007463683
004010318
007220723
002057353
005161568
002108057
001034799
008097380
009097769
006121966
005264431
001520661
005160003
008183750
002342112
002163180,002163180
003229088
001034799
001125906
007018683
004206670
001524578
005051125
003361597
001018085
004268387
007167194
002168344,002168344
003386170
001053315
008206382
003014809
003264691
004225785
007422195
004104752
005125861,005125861
002207978,002207978
005125861
004014015
005162048
005104539
007308522
007144024
007462005
001163144
