002266022,002266022,002266022,002266022,002266022
007966702,007966702,007966702,007966702,007966702
001147948,001147948,001147948,001147948,001147948
005267974,005267974,005267974
004586812,004586812,004586812
002260507,002260507,002260507,002260507
003098413,003098413,003098413
001055428,001055428,001055428,001055428
004209742,004209742,004209742,004209742,004209742
002105123
010011314,010011314,010011314,010011314,010011314
005054831,005054831,005054831,005054831,005054831
004100634,004100634,004100634,004100634,004100634
005183489
007463683,007463683,007463683,007463683,007463683
007166484
007164126,007164126,007164126,007164126,007164126
003381644,003381644,003381644
006102489,006102489,006102489,006102489
009241228,009241228,009241228
004249395,004249395,004249395,004249395,004249395
004229601,004229601,004229601
004302810,004302810,004302810,004302810,004302810
005324141,005324141,005324141,005324141,005324141
001033128
005011576,005011576,005011576,005011576,005011576
009148632
007324716,007324716,007324716,007324716,007324716
008163084,008163084,008163084,008163084,008163084
005051036,005051036,005051036
009162101,009162101,009162101,009162101
001361421,001361421,001361421,001361421
001039362,001039362,001039362,001039362,001039362
004188480,004188480
007095947,007095947,007095947,007095947,007095947
008140150,008140150,008140150,008140150,008140150
001141658
006056011,006056011,006056011,006056011,006056011
003264691,003264691,003264691,003264691,003264691
002057894,002057894,002057894,002057894
002226469,002226469,002226469,002226469,002226469
007167194,007167194,007167194,007167194,007167194
001283720
005109196,005109196,005109196
001011373,001011373,001011373
002096138
001145133,001145133,001145133,001145133,001145133
007018561,007018561,007018561,007018561,007018561
003249631,003249631,003249631,003249631
006140902,006140902
001184165
001269603,001269603,001269603,001269603
007281085
003014809
007227273,007227273,007227273
009127385
001031648
007181232,007181232,007181232,007181232,007181232
008054712,008054712
006036873,006036873
008038328,008038328,008038328,008038328,008038328
009382634,009382634,009382634,009382634,009382634
009186533,009186533
002408513,002408513,002408513,002408513,002408513
007144024,007144024,007144024,007144024,007144024
003099006,003099006,003099006,003099006,003099006
008056676,008056676,008056676
004092917,004092917,004092917,004092917,004092917
007704169,007704169,007704169,007704169
005129884,005129884,005129884,005129884,005129884
007183284,007183284,007183284,007183284
002181558,002181558,002181558,002181558,002181558
007642962,007642962,007642962,007642962
001149503,001149503,001149503,001149503,001149503
003160507
005144278,005144278,005144278,005144278
001125398
007227619,007227619,007227619,007227619,007227619
008262654,008262654,008262654,008262654,008262654
009162092,009162092,009162092
002344408,002344408,002344408
001053315,001053315,001053315,001053315,001053315
003283482
008247875,008247875
004019540,004019540,004019540,004019540,004019540
004016348
003093585,003093585,003093585,003093585,003093585
008369209
003207706,003207706,003207706,003207706,003207706
007246225,007246225
004075672
006208770,006208770,006208770,006208770,006208770
009161598,009161598,009161598,009161598,009161598
001109519,001109519,001109519,001109519,001109519
002342112,002342112,002342112
005079922
003076932,003076932,003076932,003076932,003076932
007200303,007200303,007200303,007200303,007200303
004015925,004015925,004015925
007167937,007167937,007167937,007167937,007167937
003381644
008097380
001092525
008201053,008201053,008201053
001140131,001140131,001140131
001283720,001283720,001283720
002161128,002161128,002161128,002161128,002161128
008327809,008327809,008327809,008327809
006283240,006283240,006283240,006283240,006283240
002078399,002078399
007324122,007324122,007324122,007324122,007324122
002144144,002144144,002144144,002144144,002144144
006686794
002102998
002168344,002168344,002168344,002168344,002168344
005019894,005019894,005019894,005019894,005019894
008140590,008140590,008140590,008140590
001525778,001525778
004649838,004649838,004649838,004649838
005039440,005039440,005039440,005039440,005039440
007126424,007126424
004206670,004206670,004206670,004206670
001058630,001058630,001058630,001058630
001163343,001163343,001163343
006140902,006140902,006140902
008522716,008522716
005249409,005249409,005249409
008101774,008101774,008101774
008093006,008093006
005224534,005224534,005224534,005224534,005224534
008147048,008147048,008147048,008147048,008147048
005308285,005308285
009076223,009076223
001520233,001520233,001520233,001520233,001520233
003149212,003149212
003125227,003125227
002105123
007621313,007621313,007621313,007621313,007621313
008097179
002341300,002341300,002341300,002341300
007246225
004050536,004050536,004050536,004050536,004050536
004502969,004502969,004502969,004502969,004502969
007704169
009037772,009037772,009037772,009037772,009037772
005051125,005051125,005051125,005051125
008146233,008146233,008146233,008146233
006055336,006055336,006055336,006055336
005184742,005184742,005184742,005184742,005184742
004407406
009076223,009076223,009076223
002205444,002205444,002205444,002205444
005928339
001282884,001282884
002126373,002126373,002126373,002126373,002126373
009097769,009097769,009097769,009097769,009097769
003160507,003160507,003160507
009225538,009225538,009225538,009225538,009225538
008187646,008187646,008187646,008187646,008187646
001145589
008017305,008017305,008017305,008017305,008017305
009168162,009168162,009168162,009168162,009168162
005244040,005244040,005244040,005244040,005244040
004209581,004209581,004209581
004010318,004010318,004010318,004010318,004010318
007205479,007205479,007205479,007205479,007205479
004282351,004282351,004282351,004282351
004225785,004225785,004225785,004225785,004225785
001384423,001384423,001384423,001384423
001268060,001268060,001268060,001268060
008526764,008526764,008526764,008526764
001304610,001304610,001304610,001304610
005144511,005144511,005144511,005144511,005144511
004321741,004321741,004321741,004321741,004321741
007017319,007017319,007017319,007017319,007017319
001105943,001105943,001105943,001105943,001105943
001162872,001162872,001162872,001162872,001162872
004386413,004386413,004386413
008094189
002302802,002302802,002302802
006165108,006165108,006165108,006165108,006165108
008059311,008059311,008059311,008059311
004446900,004446900,004446900,004446900,004446900
002144074,002144074,002144074,002144074,002144074
004821458,004821458,004821458
005685100,005685100,005685100,005685100,005685100
001162438,001162438
006013820,006013820,006013820,006013820,006013820
008101774,008101774
002207978,002207978,002207978,002207978
009241228,009241228
005162048,005162048,005162048,005162048,005162048
007644730,007644730
001429335,001429335,001429335,001429335,001429335
002090563,002090563,002090563,002090563,002090563
008247875
004014015,004014015,004014015
006309332,006309332
003078663,003078663,003078663
001269603
004301627,004301627,004301627,004301627,004301627
004589565,004589565,004589565,004589565,004589565
005051036,005051036
004343911
006145554,006145554,006145554,006145554
001541425,001541425,001541425
008369209,008369209,008369209
009078664,009078664,009078664,009078664,009078664
007091566,007091566,007091566
007109975,007109975,007109975,007109975
007072181
005055501,005055501,005055501,005055501,005055501
004183653,004183653,004183653,004183653,004183653
001075386,001075386,001075386,001075386
001184165,001184165
003109003
005584088
002017767,002017767,002017767,002017767,002017767
007326380,007326380,007326380,007326380
007246225
003104567,003104567,003104567,003104567,003104567
002015211,002015211,002015211,002015211,002015211
006144278,006144278,006144278,006144278,006144278
003058369,003058369,003058369,003058369,003058369
004687701,004687701,004687701,004687701
001077292
005051509
006187788,006187788,006187788,006187788,006187788
007091532
003030603,003030603,003030603,003030603,003030603
001125906,001125906,001125906,001125906
002098390,002098390,002098390,002098390,002098390
005167932,005167932,005167932,005167932,005167932
002034041,002034041,002034041,002034041,002034041
003325085
005031414,005031414,005031414
008206303,008206303,008206303,008206303
002268992,002268992,002268992,002268992,002268992
007283248,007283248,007283248
007033012,007033012,007033012,007033012,007033012
003074818,003074818,003074818,003074818,003074818
001016545,001016545,001016545,001016545,001016545
003325085
007073061,007073061,007073061,007073061,007073061
005241109
004525992,004525992
006362620,006362620,006362620,006362620,006362620
002247455,002247455,002247455,002247455
004326472,004326472,004326472,004326472,004326472
001163343
007204758,007204758,007204758,007204758,007204758
004645661,004645661,004645661,004645661,004645661
008145627,008145627,008145627,008145627,008145627
005075039,005075039,005075039,005075039
002078399,002078399,002078399
001121576,001121576,001121576,001121576,001121576
009100511,009100511,009100511,009100511
008247265
001525778
007441137,007441137,007441137
004036335,004036335,004036335
007091532,007091532,007091532
006017642,006017642,006017642,006017642,006017642
003148053,003148053,003148053,003148053,003148053
008121548,008121548,008121548,008121548,008121548
007326380
002148670,002148670,002148670,002148670,002148670
004644316,004644316,004644316,004644316,004644316
004345032,004345032,004345032
002187448,002187448,002187448,002187448,002187448
003249631
006073825,006073825,006073825,006073825,006073825
004075672,004075672,004075672
007072568,007072568,007072568,007072568,007072568
005109452
003109003,003109003,003109003,003109003
006341959
001221865,001221865,001221865,001221865,001221865
002286291,002286291,002286291,002286291,002286291
001017065,001017065,001017065,001017065,001017065
007308522,007308522,007308522,007308522
001141694,001141694,001141694,001141694
003050421
005240083,005240083,005240083,005240083,005240083
005077419,005077419,005077419,005077419
009074614,009074614,009074614,009074614
007441137,007441137
007246225
005107036,005107036,005107036
001167721
008017313,008017313,008017313,008017313
007460003,007460003,007460003,007460003
005280951
003361597,003361597,003361597,003361597,003361597
004038174
008093006,008093006,008093006
005201737,005201737,005201737
007300665,007300665,007300665,007300665
007227273,007227273
007144361,007144361,007144361,007144361,007144361
001524578,001524578,001524578,001524578,001524578
004144430,004144430,004144430
008185030,008185030,008185030,008185030,008185030
005079922,005079922
006502976,006502976,006502976,006502976
006039722,006039722,006039722,006039722,006039722
005121393
002127374,002127374,002127374,002127374
005051509,005051509,005051509
004100025
005529596,005529596,005529596,005529596
005093009
007460003
008522716,008522716
004343911,004343911,004343911,004343911
004038174,004038174
003168425
007264821
001404620,001404620,001404620,001404620,001404620
005242086,005242086,005242086,005242086,005242086
004016348
007327625,007327625,007327625,007327625,007327625
005249409,005249409
010018489,010018489,010018489,010018489,010018489
007018683,007018683,007018683,007018683
002344408,002344408
008094189
008303693
004647762,004647762,004647762,004647762,004647762
005308285,005308285
001012716,001012716,001012716,001012716
001404285,001404285,001404285,001404285,001404285
001163144,001163144,001163144,001163144
001092525,001092525
001103348,001103348,001103348,001103348,001103348
006162229,006162229,006162229,006162229
005180292,005180292,005180292
004093526,004093526,004093526
001079199,001079199
003246290,003246290,003246290,003246290,003246290
008147182
004123622,004123622,004123622
008072173,008072173,008072173,008072173,008072173
003033742,003033742,003033742,003033742,003033742
005144278
001079199
009037143,009037143,009037143
007166020,007166020,007166020,007166020,007166020
001077292,001077292
004407406,004407406,004407406
008097179,008097179,008097179,008097179
003077732
009443126,009443126,009443126,009443126
005104539,005104539,005104539,005104539,005104539
001163343
001161961
007183066,007183066,007183066,007183066,007183066
005421645,005421645,005421645
008247265,008247265,008247265,008247265
009148632,009148632,009148632,009148632
002011628,002011628,002011628,002011628,002011628
008522716
003302829,003302829,003302829,003302829,003302829
009055222,009055222,009055222,009055222
001079199
003014809
006143371,006143371,006143371,006143371
007147895,007147895,007147895,007147895,007147895
005243413,005243413,005243413,005243413,005243413
006052503
008247875
004014015
005140873,005140873,005140873,005140873
005183489,005183489,005183489
004264021,004264021,004264021
002010530,002010530
006320503
005326825,005326825,005326825,005326825
005123325,005123325,005123325,005123325,005123325
007160423,007160423,007160423,007160423,007160423
009093882,009093882,009093882,009093882
003098413,003098413
008425192,008425192,008425192,008425192,008425192
009443126
001059563,001059563,001059563,001059563
008160452,008160452,008160452,008160452,008160452
001227587,001227587,001227587,001227587,001227587
004123622
006203805
005123220,005123220,005123220,005123220,005123220
003407849,003407849,003407849,003407849
006283941,006283941
008072710
001075386
009448553,009448553,009448553
005017702,005017702,005017702
005055504,005055504,005055504,005055504,005055504
005367024
001072809,001072809,001072809,001072809,001072809
001186227,001186227
004422056,004422056
006162229
005201737,005201737
003168425,003168425,003168425
007166484,007166484,007166484,007166484
003125227,003125227,003125227
005011279,005011279,005011279,005011279,005011279
006362569,006362569,006362569,006362569,006362569
002011990,002011990,002011990,002011990,002011990
001104620,001104620,001104620,001104620
008227466,008227466,008227466,008227466,008227466
007543382,007543382,007543382,007543382
007107307,007107307,007107307,007107307,007107307
007369288
008165246,008165246,008165246
006565726
003168425
001059563
004016348,004016348
002010530,002010530
004260543,004260543,004260543,004260543
002162655,002162655,002162655,002162655,002162655
006686794
008169569
008013094
007225365,007225365,007225365,007225365,007225365
001095553,001095553,001095553,001095553,001095553
006122501,006122501
008090020,008090020,008090020,008090020
004525992
003019434,003019434,003019434,003019434,003019434
004144516,004144516,004144516
004140157,004140157,004140157,004140157,004140157
002057353,002057353,002057353,002057353,002057353
008183750,008183750,008183750,008183750,008183750
008209848,008209848,008209848
001011373,001011373
009127385,009127385,009127385
004100025
004030706,004030706,004030706,004030706,004030706
008072710
005520395
007283248,007283248
006283941,006283941,006283941
009036606,009036606,009036606,009036606,009036606
002203475
002129852,002129852
006362694,006362694,006362694
002018251,002018251,002018251,002018251
008364692
007327154,007327154
001033128,001033128,001033128,001033128
007072181,007072181,007072181,007072181
009145188
006097140,006097140,006097140,006097140,006097140
002013443,002013443,002013443,002013443
007125938,007125938,007125938,007125938
007125938
007142614,007142614
007422195
008072710,008072710,008072710
003078663
004147578,004147578,004147578,004147578,004147578
008094189,008094189
005143653,005143653,005143653,005143653,005143653
007466792,007466792,007466792,007466792,007466792
007422195,007422195
005229116,005229116
004100478,004100478,004100478
009091313,009091313,009091313
002342097,002342097,002342097
006348274,006348274,006348274,006348274,006348274
001031648,001031648
009263409
007099629,007099629,007099629,007099629,007099629
009263409,009263409,009263409
008209848
004268387,004268387,004268387,004268387,004268387
002341300
001200157,001200157,001200157,001200157,001200157
007303510,007303510,007303510,007303510,007303510
005140873
001034799,001034799,001034799,001034799,001034799
002096138,002096138,002096138
005584088,005584088,005584088,005584088
005183489
005248340,005248340,005248340,005248340,005248340
007404936,007404936
007404590,007404590,007404590,007404590,007404590
008090020
001148313,001148313,001148313
001019774,001019774,001019774,001019774
005160599,005160599,005160599,005160599,005160599
005229116
007840826,007840826,007840826,007840826
003283482,003283482,003283482
005367024,005367024,005367024
007563161,007563161,007563161,007563161,007563161
008094189
008169569,008169569,008169569
004488739,004488739,004488739,004488739
005467854,005467854
008383940,008383940,008383940,008383940,008383940
007265907,007265907,007265907,007265907
004100025,004100025
009093882
003325085,003325085,003325085
005161568,005161568,005161568,005161568,005161568
002108057,002108057
003109780,003109780,003109780,003109780,003109780
004488739
001092525,001092525
002100986,002100986,002100986,002100986,002100986
001079199
008147182
006162036,006162036,006162036,006162036
001125398,001125398,001125398,001125398
001206205,001206205,001206205,001206205,001206205
001099445,001099445,001099445,001099445,001099445
005160003,005160003,005160003,005160003,005160003
008206382,008206382,008206382
002343527
009037143,009037143
006091066,006091066,006091066,006091066
002302802,002302802
003228574,003228574,003228574,003228574,003228574
001361421
003149212,003149212,003149212
007264821,007264821,007264821,007264821
006641042,006641042,006641042,006641042,006641042
009162101
005667916,005667916,005667916,005667916,005667916
004640524,004640524,004640524,004640524,004640524
008289946
004525992,004525992
007369288,007369288,007369288
005388771,005388771,005388771,005388771,005388771
001035231,001035231,001035231,001035231
005146129,005146129,005146129,005146129,005146129
004188480
002163180
008013094,008013094,008013094,008013094
006015853
002163180
005123933,005123933,005123933,005123933,005123933
001184258,001184258,001184258,001184258
006222635,006222635,006222635,006222635
001184165
008100623,008100623,008100623,008100623,008100623
006036873,006036873,006036873
003102047,003102047,003102047,003102047
001282884
009367181,009367181,009367181
003386170,003386170,003386170,003386170
004162151,004162151,004162151,004162151
001161961,001161961
004188480,004188480
006469192,006469192,006469192,006469192,006469192
007304399,007304399,007304399
001200863,001200863,001200863,001200863,001200863
001141694
007265907
009186533,009186533,009186533
001163144
003014809
002104832
006309332,006309332,006309332
007404936
006203805,006203805
003030148,003030148,003030148
008289946,008289946
008102033,008102033,008102033,008102033
005200614,005200614,005200614,005200614,005200614
009346657,009346657,009346657
005308285
003078663
006565726,006565726
009228859,009228859
005078526,005078526,005078526,005078526
004661058
001161961,001161961
007644730
008092008,008092008,008092008
007145558,007145558,007145558
004038174
003148245,003148245,003148245
002071771,002071771,002071771
004100478
007281085
003229088,003229088,003229088,003229088
002260507
006204390,006204390,006204390,006204390,006204390
009269970,009269970,009269970,009269970,009269970
005093009
008364692
005109452,005109452,005109452,005109452
008054712,008054712,008054712
004264021,004264021
004322933,004322933,004322933,004322933,004322933
008146233
009248674,009248674,009248674,009248674,009248674
001077292
004094399,004094399,004094399,004094399,004094399
008485508,008485508,008485508,008485508,008485508
003386170
005102201,005102201,005102201
004364310,004364310,004364310,004364310,004364310
006686794,006686794
003381644
007145558,007145558
003221109
002102998,002102998,002102998,002102998
004209581,004209581
006686794
005031414,005031414
008034533,008034533,008034533,008034533,008034533
005264431
005707147,005707147,005707147,005707147,005707147
005121393
001525778
001039203,001039203,001039203,001039203,001039203
005367024
002105123
009527735,009527735,009527735,009527735
004144430,004144430
005264431,005264431,005264431
005102201,005102201
003283482
007304973,007304973,007304973,007304973
007142614,007142614,007142614
002096138
002104832
002320193,002320193,002320193,002320193
009162092
008206382
005163826,005163826,005163826,005163826,005163826
008247875
007289583
007220723,007220723,007220723,007220723,007220723
007289583,007289583,007289583
005093009
003148245
006320503
001186227
006162036
006203805
006565726,006565726
003229088
001520661
009074614
007642962
001052165
006122501,006122501,006122501
005075039
009221574,009221574,009221574,009221574,009221574
004104752,004104752,004104752,004104752
006015853,006015853
007289583
006320503,006320503
008364692,008364692
007462005,007462005,007462005,007462005,007462005
004306416,004306416,004306416,004306416,004306416
003160507
008147182,008147182,008147182
007281085,007281085
002018251
001167721,001167721
007281085
001400252
003221109
002099168
001055428
009367181,009367181
001400252,001400252,001400252,001400252
006203805
002203475
009228859,009228859
005183713,005183713,005183713,005183713
005164895,005164895
008303693,008303693,008303693
007543382
007091532
005125861,005125861,005125861,005125861
001167721
006320076,006320076,006320076,006320076,006320076
008059311
003148245
004327208
001018085,001018085,001018085,001018085,001018085
004386413
003407849
001052165,001052165,001052165
007304973
002104832
001525778
009448553,009448553
005107036
008303693
005520395,005520395,005520395,005520395
009346657
009162202,009162202,009162202,009162202,009162202
003283571,003283571,003283571,003283571
009145188,009145188,009145188,009145188
009091313
006076266,006076266,006076266,006076266,006076266
002057894
001145589,001145589
001162438
006341959,006341959
004144516,004144516
006266730,006266730,006266730,006266730
004640695,004640695,004640695,004640695,004640695
001035231
006320503
002205444
009203757,009203757
001140131
007422195
004015925,004015925
004260543
001384423
001304610
006052503,006052503,006052503
009162092
007369288
002104832
006052503
008327809
008165246,008165246
001184258
005267974,005267974
005421645
005125861
005467854,005467854
002343527,002343527,002343527,002343527
003058208,003058208,003058208
008092258,008092258,008092258,008092258
005051509
005269978,005269978,005269978,005269978,005269978
004162151
003030148
004327208,004327208
003014809
007327154,007327154,007327154
006091066
009055222
004386413
001162438
001125906
006121966,006121966,006121966,006121966
008289946
007224129,007224129,007224129,007224129
001031648
008092258
002342112,002342112
002203475
006362694
008526764
002127374
004422056,004422056
005928339,005928339,005928339
005078526
006266730
004282351
005264481,005264481,005264481,005264481
005326825
002013443
008201053
005229116
001052165
005280951,005280951,005280951,005280951
002320193
004100025
001145589
008169569
007422195
001184165
008092008,008092008
004036335
004407406
008206303
003221109
004036335
008289946
004661058,004661058,004661058,004661058
007126424,007126424,007126424
008140590
006341959,006341959
002342097
007109975
001145589
008097380,008097380,008097380
005928339
001140131
008102033
005183713
005229116
001148313,001148313
001031648
007183284
005529596
002099168,002099168,002099168
004687701
002099168
003050421,003050421,003050421,003050421
005093009,005093009
003221109
007224129
005164895
001019774
002105123,002105123
008364692
006362694
004327208
002342097
004327208
005109196
006222635
001268060
005121393
007644730,007644730
005079922
004229601
006609311,006609311,006609311,006609311
003077732,003077732,003077732,003077732
003221109
006015853,006015853
004209098,004209098,004209098,004209098,004209098
006609311
004104752
005017702
006102489
006121966
008056676,008056676
004649838
001283720
008369209
007091566,007091566
004093526
008013658,008013658,008013658,008013658,008013658
001141658
001141658,001141658,001141658
004206670
004821458
004016348
005107036
006502976
006145554
005079922
004100478
004038174
006143371
002010530
005051125
008017313
004345032,004345032
004586812
004075672
002207978
009091313
005241109,005241109,005241109,005241109
007308522
005164895
009127385
001162438
001520661,001520661
002071771
002203475,002203475
001012716
004422056
005077419
007840826
007404936
009346657
004586812
003102047
009100511
005017702
001186227,001186227
007304399
001167721
003058208
005180292
007300665
001282884,001282884
003030148
005264431
001541425,001541425
002129852,002129852
002129852
004821458
005121393
005467854
009263409
002104832
002108057,002108057
005264481
008201053
002071771
009203757
005121393
005109196
002247455
009527735
009203757,009203757
009228859
008209848
001520661,001520661
008097380
004229601
002108057
001104620
001058630
002163180
005421645
007018683
003058208
001077292
005180292
002163180
002163180
004093526
003014809
003283571
008206382
005164895
004014015
004123622
006055336
007404936
007304399
