007221680,007221680,007221680,007221680,007221680
008160122,008160122,008160122,008160122,008160122
001122652,001122652,001122652
004288470,004288470,004288470
004165720,004165720,004165720,004165720
008242390,008242390,008242390,008242390,008242390
008030396
004167525,004167525,004167525,004167525
004684902,004684902,004684902,004684902,004684902
007222858,007222858
006070980,006070980,006070980,006070980
006407368,006407368,006407368,006407368,006407368
001364009,001364009
002031846,002031846,002031846,002031846
003102839,003102839,003102839,003102839,003102839
009142229
006420901,006420901,006420901,006420901,006420901
005207439,005207439,005207439,005207439
003011892,003011892,003011892,003011892
007307667,007307667,007307667,007307667,007307667
008103709,008103709,008103709,008103709,008103709
007361022,007361022,007361022
007097909
008281430,008281430
005166270,005166270,005166270
007058949,007058949,007058949
008447587,008447587,008447587,008447587,008447587
004164469
001037864,001037864,001037864,001037864
005166270
008288291
006265427,006265427,006265427,006265427
009245440,009245440,009245440
001301458
008180914
005145448,005145448,005145448,005145448
004247226,004247226,004247226
001523554,001523554,001523554,001523554,001523554
006077565,006077565,006077565,006077565
002056808,002056808,002056808,002056808
006109261,006109261,006109261,006109261
002030824,002030824,002030824,002030824,002030824
007304595,007304595,007304595,007304595,007304595
004013173,004013173,004013173
005220723
004226118,004226118,004226118
008033319
009053633,009053633
007325263
009142229,009142229,009142229
009144208,009144208
008346894,008346894,008346894,008346894,008346894
009033001,009033001
004282086,004282086,004282086,004282086,004282086
008761919,008761919,008761919
005260825,005260825,005260825,005260825,005260825
008127833
001182878,001182878
006245067,006245067,006245067
008180914,008180914
010014132,010014132,010014132,010014132
008010286,008010286,008010286
005055724,005055724,005055724,005055724,005055724
010010476,010010476,010010476,010010476,010010476
009221144,009221144,009221144,009221144,009221144
003161436
009262982,009262982,009262982,009262982,009262982
004033755
001361820,001361820
007204198,007204198,007204198
004349157,004349157,004349157,004349157
009245440
004462108
001523186,001523186,001523186
007229989
006034372,006034372,006034372,006034372,006034372
004200931,004200931,004200931,004200931,004200931
007340551,007340551,007340551,007340551
004409272,004409272,004409272
005220723,005220723
002019011,002019011,002019011,002019011,002019011
001182878
009160031,009160031,009160031
008059551,008059551,008059551,008059551,008059551
004105590,004105590,004105590,004105590
009309735,009309735,009309735,009309735,009309735
008244335,008244335,008244335,008244335
002051606,002051606,002051606
002182034
006129299
008545138,008545138,008545138,008545138,008545138
006096947,006096947,006096947
004145990,004145990,004145990,004145990,004145990
004409272
010011858
006129299,006129299,006129299,006129299
001202860,001202860,001202860,001202860,001202860
009144208
005095152,005095152,005095152,005095152
006320544,006320544,006320544,006320544
008036693
006262636,006262636,006262636
007249643,007249643,007249643,007249643,007249643
008074908
001347567,001347567,001347567,001347567
007094560,007094560,007094560,007094560
005242458,005242458,005242458,005242458
007460647
006869312,006869312
004053601,004053601,004053601
001105068
004868523,004868523,004868523,004868523,004868523
002265243
001363805,001363805,001363805,001363805
009126333,009126333
004221870,004221870,004221870,004221870
007423928,007423928
006109261
002034824,002034824,002034824,002034824,002034824
007486796
007404195,007404195,007404195
008305519
003168843,003168843
003058622,003058622,003058622,003058622,003058622
003346058
001141203,001141203,001141203,001141203
006013929,006013929,006013929,006013929,006013929
010011858,010011858,010011858
003167896,003167896,003167896,003167896
008160535,008160535,008160535,008160535,008160535
007058949
010011858
006165622,006165622
004267291,004267291,004267291,004267291
007015431,007015431,007015431
004409272
001105068,001105068,001105068,001105068
008033319,008033319,008033319,008033319
009033001
007229989,007229989,007229989,007229989
007460647,007460647,007460647
001188771
004224311,004224311,004224311,004224311,004224311
009017519,009017519,009017519,009017519,009017519
004286978
008036693,008036693
003161210
009059891,009059891,009059891,009059891
007187730
004160079,004160079,004160079,004160079
006361876,006361876
007325263,007325263
005053024,005053024,005053024,005053024,005053024
001424540
001185369,001185369,001185369,001185369
003078973,003078973,003078973,003078973,003078973
005012134,005012134,005012134,005012134
006096947
005053149,005053149,005053149,005053149,005053149
008053927
001018790,001018790,001018790,001018790
009180246,009180246,009180246,009180246
008441740
006033726
004522270,004522270,004522270
002182034
006033726,006033726,006033726
004014026,004014026,004014026
006484845,006484845
007307499,007307499,007307499,007307499,007307499
004267291
007187730
004220529,004220529,004220529
007320188,007320188
006092222,006092222,006092222,006092222
003161210,003161210,003161210
004207285,004207285,004207285,004207285
001141203
004147163
008053927,008053927,008053927,008053927
004033755,004033755
006109483,006109483,006109483,006109483
004262073,004262073,004262073,004262073,004262073
009384245,009384245,009384245,009384245
004387883,004387883
007423928
007320188,007320188
008127833
008030396,008030396,008030396,008030396
005145716,005145716,005145716,005145716,005145716
002055660,002055660,002055660,002055660,002055660
005263164,005263164,005263164
005341290,005341290,005341290,005341290,005341290
004184261,004184261,004184261
001223589,001223589,001223589,001223589
008305519,008305519,008305519
005012134
005263164
008288291,008288291
007222858,007222858,007222858
006320544
001038318
004147163
001056682,001056682
003161436,003161436,003161436,003161436
007140661
008761919
009033001
005053320,005053320,005053320
005166270
001223589
007140661,007140661,007140661,007140661
004462108
009248943,009248943
005220723
008305519
007423928
004623502,004623502,004623502,004623502
004462108
004147163,004147163
007204198
003346058,003346058,003346058,003346058
004623502
002092561
006165622,006165622
004387883,004387883,004387883
008127833
006108507,006108507,006108507,006108507
010014132
006030464,006030464,006030464,006030464
004286978,004286978
004288470,004288470
005091980,005091980,005091980,005091980,005091980
001422907,001422907,001422907,001422907,001422907
001523186
006039270,006039270
007037392,007037392,007037392,007037392,007037392
004033755
006039270,006039270,006039270
007404195,007404195
004462108,004462108
009126333,009126333,009126333
004013173
006263493,006263493,006263493,006263493,006263493
001364009,001364009
004165720
004013173
009342939,009342939,009342939,009342939,009342939
001363805
002364566,002364566,002364566,002364566
007181502
002265243,002265243,002265243
007325263
008441740,008441740
006070980
007361022
005442442,005442442,005442442,005442442,005442442
001052990,001052990,001052990,001052990
007187730,007187730,007187730
007423928
005306329
004147163
006033726
002051606
006441726,006441726,006441726
007102481,007102481,007102481,007102481,007102481
002072862,002072862,002072862,002072862,002072862
001056682,001056682
001018790
008268460,008268460,008268460,008268460
008123645
005183659,005183659
005183659,005183659,005183659
006441726,006441726
004164469
003286417,003286417,003286417,003286417,003286417
009142229
008036693
002182034,002182034,002182034
005263164
006361876
002184493,002184493,002184493,002184493
003168843,003168843
006869312,006869312
001424540
003030039,003030039
004226118
001364009
005078318
007204198
005053320,005053320
009180912,009180912,009180912,009180912,009180912
002184493
004164991,004164991,004164991,004164991,004164991
008074908,008074908,008074908,008074908
007486796,007486796
008123645
004522270,004522270
009260785,009260785,009260785,009260785
007361022
001188771,001188771,001188771,001188771
003030039,003030039,003030039
004349157
009053633
004033755
009180246
001038318,001038318,001038318,001038318
006096947
009160031
003209273,003209273,003209273,003209273,003209273
001347567
008070211,008070211,008070211,008070211,008070211
001361820
008036693
001037864
008123645
009053633,009053633
007460647
008288291
005078318,005078318
001182878
003011892
009160031
009248943
001185369
005220723
006484845,006484845,006484845
007340551
009248943
002031846
007058949
007097909,007097909,007097909
006245067
008127833
001424540,001424540,001424540
008441740
006262636
005242458
001182878
006077565
001122652
008228068,008228068,008228068
005078318,005078318
007486796
001523186
009033001
002092561
005161986,005161986
004184261,004184261
004167525
006265427
006361876
008123645
004164469
001056682
008281430
004207285
008761919
004164469
004014026
008123645
004220529,004220529
006030464
006165622
003168843
005161986
008180914,008180914
005203740,005203740,005203740,005203740
005203740
008228068
001052990
003161210
009144208
004247226
005306329,005306329,005306329,005306329
007325263
002014393
008288291
006108507
009384245
006262636
002265243
001301458,001301458
004053601
004053601
002014393,002014393,002014393
009144208
008127833
007181502
004286978
005207439
002014393
007181502,007181502,007181502
008441740
004247226
001301458
001301458
006869312
007097909
009248943
009260785
007015431,007015431
005161986
008010286,008010286
004164469
008281430,008281430
005095152
007486796
007094560
003167896
004014026
006109483
004105590
006092222
009245440
004160079
004221870
004286978
009059891
006245067
001361820
002092561,002092561
002056808
001122652
005161986
006361876
002092561
001361820
008268460
008244335
008228068
002364566
007320188
004226118
002051606
005145448
