001523186,001523186,001523186,001523186,001523186
009144208,009144208,009144208,009144208,009144208
003286417,003286417,003286417,003286417,003286417
008228068,008228068,008228068,008228068,008228068
005442442,005442442,005442442,005442442,005442442
008103709,008103709,008103709,008103709,008103709
007037392,007037392,007037392,007037392,007037392
002092561,002092561,002092561,002092561,002092561
008288291,008288291,008288291,008288291,008288291
006441726,006441726,006441726,006441726,006441726
001141203,001141203,001141203,001141203,001141203
001056682,001056682,001056682,001056682,001056682
004224311,004224311,004224311,004224311,004224311
002014393,002014393,002014393,002014393,002014393
008074908,008074908,008074908,008074908,008074908
009262982,009262982,009262982,009262982,009262982
003209273,003209273,003209273,003209273,003209273
008053927,008053927,008053927,008053927,008053927
004164991,004164991,004164991,004164991,004164991
001422907,001422907,001422907,001422907,001422907
007221680,007221680,007221680,007221680,007221680
007404195,007404195,007404195,007404195,007404195
006263493,006263493,006263493,006263493,006263493
005055724,005055724,005055724,005055724,005055724
004387883,004387883,004387883,004387883,004387883
008070211,008070211,008070211,008070211,008070211
005095152,005095152,005095152,005095152,005095152
002265243,002265243,002265243,002265243,002265243
004200931,004200931,004200931,004200931,004200931
006108507,006108507,006108507,006108507,006108507
008268460,008268460,008268460,008268460,008268460
009126333,009126333,009126333,009126333,009126333
001364009,001364009,001364009,001364009,001364009
006361876,006361876,006361876,006361876,006361876
009309735,009309735,009309735,009309735,009309735
004184261,004184261,004184261,004184261,004184261
008242390,008242390,008242390,008242390,008242390
007307499,007307499,007307499,007307499,007307499
008036693,008036693,008036693,008036693,008036693
004262073,004262073,004262073,004262073,004262073
008281430,008281430,008281430,008281430,008281430
009053633,009053633,009053633,009053633,009053633
006420901,006420901,006420901,006420901,006420901
004226118,004226118,004226118,004226118,004226118
004286978,004286978,004286978,004286978,004286978
006109261,006109261,006109261,006109261,006109261
005220723,005220723,005220723,005220723,005220723
006077565,006077565,006077565,006077565,006077565
004247226,004247226,004247226,004247226,004247226
002182034,002182034,002182034,002182034,002182034
008305519,008305519,008305519,008305519,008305519
006245067,006245067,006245067,006245067,006245067
008059551,008059551,008059551,008059551,008059551
008127833,008127833,008127833,008127833,008127833
008761919,008761919,008761919,008761919,008761919
008346894,008346894,008346894,008346894,008346894
007340551,007340551,007340551,007340551,007340551
007187730,007187730,007187730,007187730,007187730
004165720,004165720,004165720,004165720,004165720
003030039,003030039,003030039,003030039,003030039
010011858,010011858,010011858,010011858,010011858
004684902,004684902,004684902,004684902,004684902
003168843,003168843,003168843,003168843,003168843
001202860,001202860,001202860,001202860,001202860
003078973,003078973,003078973,003078973,003078973
003102839,003102839,003102839,003102839,003102839
006030464,006030464,006030464,006030464,006030464
004522270,004522270,004522270,004522270,004522270
007249643,007249643,007249643,007249643,007249643
001052990,001052990,001052990,001052990,001052990
005145716,005145716,005145716,005145716,005145716
007486796,007486796,007486796,007486796,007486796
007015431,007015431,007015431,007015431,007015431
006265427,006265427,006265427,006265427,006265427
004167525,004167525,004167525,004167525,004167525
004282086,004282086,004282086,004282086,004282086
006070980,006070980,006070980,006070980,006070980
004160079,004160079,004160079,004160079,004160079
009245440,009245440,009245440,009245440,009245440
001361820,001361820,001361820,001361820,001361820
004349157,004349157,004349157,004349157,004349157
009180912,009180912,009180912,009180912,009180912
005053320,005053320,005053320,005053320,005053320
006262636,006262636,006262636,006262636,006262636
005012134,005012134,005012134,005012134,005012134
007304595,007304595,007304595,007304595,007304595
004267291,004267291,004267291,004267291,004267291
005203740,005203740,005203740,005203740,005203740
009160031,009160031,009160031,009160031,009160031
004220529,004220529,004220529,004220529,004220529
004053601,004053601,004053601,004053601,004053601
007181502,007181502,007181502,007181502,007181502
002030824,002030824,002030824,002030824,002030824
006869312,006869312,006869312,006869312,006869312
005053149,005053149,005053149,005053149,005053149
007102481,007102481,007102481,007102481,007102481
005161986,005161986,005161986,005161986,005161986
004164469,004164469,004164469,004164469,004164469
004105590,004105590,004105590,004105590,004105590
008030396,008030396,008030396,008030396,008030396
006033726,006033726,006033726,006033726,006033726
002031846,002031846,002031846,002031846,002031846
004462108,004462108,004462108,004462108,004462108
003011892,003011892,003011892,003011892,003011892
001037864,001037864,001037864,001037864,001037864
007058949,007058949,007058949,007058949,007058949
006013929,006013929,006013929,006013929,006013929
009033001,009033001,009033001,009033001,009033001
004145990,004145990,004145990,004145990,004145990
001523554,001523554,001523554,001523554,001523554
005183659,005183659,005183659,005183659,005183659
008160122,008160122,008160122,008160122,008160122
006129299,006129299,006129299,006129299,006129299
006109483,006109483,006109483,006109483,006109483
003346058,003346058,003346058,003346058,003346058
006039270,006039270,006039270,006039270,006039270
010010476,010010476,010010476,010010476,010010476
004147163,004147163,004147163,004147163,004147163
007460647,007460647,007460647,007460647,007460647
001424540,001424540,001424540,001424540,001424540
009221144,009221144,009221144,009221144,009221144
008123645,008123645,008123645,008123645,008123645
010014132,010014132,010014132,010014132,010014132
003161436,003161436,003161436,003161436,003161436
007097909,007097909,007097909,007097909,007097909
006484845,006484845,006484845,006484845,006484845
006320544,006320544,006320544,006320544,006320544
001182878,001182878,001182878,001182878,001182878
002019011,002019011,002019011,002019011,002019011
001363805,001363805,001363805,001363805,001363805
009180246,009180246,009180246,009180246,009180246
008033319,008033319,008033319,008033319,008033319
005166270,005166270,005166270,005166270,005166270
004014026,004014026,004014026,004014026,004014026
007307667,007307667,007307667,007307667,007307667
005053024,005053024,005053024,005053024,005053024
005145448,005145448,005145448,005145448,005145448
009017519,009017519,009017519,009017519,009017519
007325263,007325263,007325263,007325263,007325263
007094560,007094560,007094560,007094560,007094560
009248943,009248943,009248943,009248943,009248943
006165622,006165622,006165622,006165622,006165622
001347567,001347567,001347567,001347567,001347567
002051606,002051606,002051606,002051606,002051606
009342939,009342939,009342939,009342939,009342939
008447587,008447587,008447587,008447587,008447587
008160535,008160535,008160535,008160535,008160535
005091980,005091980,005091980,005091980,005091980
006092222,006092222,006092222,006092222,006092222
003058622,003058622,003058622,003058622,003058622
009260785,009260785,009260785,009260785,009260785
007229989,007229989,007229989,007229989,007229989
002034824,002034824,002034824,002034824,002034824
001018790,001018790,001018790,001018790,001018790
006034372,006034372,006034372,006034372,006034372
004623502,004623502,004623502,004623502,004623502
007140661,007140661,007140661,007140661,007140661
005341290,005341290,005341290,005341290,005341290
004207285,004207285,004207285,004207285,004207285
003161210,003161210,003161210,003161210,003161210
008545138,008545138,008545138,008545138,008545138
001038318,001038318,001038318,001038318,001038318
001223589,001223589,001223589,001223589,001223589
004221870,004221870,004221870,004221870,004221870
006096947,006096947,006096947,006096947,006096947
007361022,007361022,007361022,007361022,007361022
001188771,001188771,001188771,001188771,001188771
004013173,004013173,004013173,004013173,004013173
007423928,007423928,007423928,007423928,007423928
002184493,002184493,002184493,002184493,002184493
005306329,005306329,005306329,005306329,005306329
008441740,008441740,008441740,008441740,008441740
002364566,002364566,002364566,002364566,002364566
005078318,005078318,005078318,005078318,005078318
005260825,005260825,005260825,005260825,005260825
002055660,002055660,002055660,002055660,002055660
004288470,004288470,004288470,004288470,004288470
004409272,004409272,004409272,004409272,004409272
008244335,008244335,008244335,008244335,008244335
007222858,007222858,007222858,007222858,007222858
009059891,009059891,009059891,009059891,009059891
009142229,009142229,009142229,009142229,009142229
001105068,001105068,001105068,001105068,001105068
002072862,002072862,002072862,002072862,002072862
008180914,008180914,008180914,008180914,008180914
001122652,001122652,001122652,001122652,001122652
007320188,007320188,007320188,007320188,007320188
004868523,004868523,004868523,004868523,004868523
003167896,003167896,003167896,003167896,003167896
006407368,006407368,006407368,006407368,006407368
005242458,005242458,005242458,005242458,005242458
004033755,004033755,004033755,004033755,004033755
005207439,005207439,005207439,005207439,005207439
007204198,007204198,007204198,007204198,007204198
001185369,001185369,001185369,001185369,001185369
001301458,001301458,001301458,001301458,001301458
008010286,008010286,008010286,008010286,008010286
009384245,009384245,009384245,009384245,009384245
005263164,005263164,005263164,005263164,005263164
002056808,002056808,002056808,002056808,002056808
