004144516,004144516,004144516,004144516,004144516
003302829,003302829,003302829,003302829,003302829
002268992,002268992,002268992,002268992,002268992
007072568,007072568,007072568,007072568,007072568
008369209,008369209,008369209,008369209,008369209
001059563,001059563,001059563,001059563,001059563
007404936,007404936,007404936,007404936,007404936
009162092,009162092,009162092,009162092,009162092
007327154,007327154,007327154,007327154,007327154
009093882,009093882,009093882,009093882,009093882
001404620,001404620,001404620,001404620,001404620
002343527,002343527,002343527,002343527,002343527
006686794,006686794,006686794,006686794,006686794
003149212,003149212,003149212,003149212,003149212
003168425,003168425,003168425,003168425,003168425
002104832,002104832,002104832,002104832,002104832
002247455,002247455,002247455,002247455,002247455
004014015,004014015,004014015,004014015,004014015
004502969,004502969,004502969,004502969,004502969
001162872,001162872,001162872,001162872,001162872
004147578,004147578,004147578,004147578,004147578
005529596,005529596,005529596,005529596,005529596
005055501,005055501,005055501,005055501,005055501
001018085,001018085,001018085,001018085,001018085
005240083,005240083,005240083,005240083,005240083
008121548,008121548,008121548,008121548,008121548
008145627,008145627,008145627,008145627,008145627
009161598,009161598,009161598,009161598,009161598
006036873,006036873,006036873,006036873,006036873
009241228,009241228,009241228,009241228,009241228
003125227,003125227,003125227,003125227,003125227
009228859,009228859,009228859,009228859,009228859
004206670,004206670,004206670,004206670,004206670
005144278,005144278,005144278,005144278,005144278
002098390,002098390,002098390,002098390,002098390
006469192,006469192,006469192,006469192,006469192
007204758,007204758,007204758,007204758,007204758
006015853,006015853,006015853,006015853,006015853
002057353,002057353,002057353,002057353,002057353
006502976,006502976,006502976,006502976,006502976
008146233,008146233,008146233,008146233,008146233
008013094,008013094,008013094,008013094,008013094
004209742,004209742,004209742,004209742,004209742
004188480,004188480,004188480,004188480,004188480
006039722,006039722,006039722,006039722,006039722
002260507,002260507,002260507,002260507,002260507
004123622,004123622,004123622,004123622,004123622
006341959,006341959,006341959,006341959,006341959
004183653,004183653,004183653,004183653,004183653
004260543,004260543,004260543,004260543,004260543
001103348,001103348,001103348,001103348,001103348
006055336,006055336,006055336,006055336,006055336
009036606,009036606,009036606,009036606,009036606
008147048,008147048,008147048,008147048,008147048
008262654,008262654,008262654,008262654,008262654
008017313,008017313,008017313,008017313,008017313
004321741,004321741,004321741,004321741,004321741
007147895,007147895,007147895,007147895,007147895
002108057,002108057,002108057,002108057,002108057
005200614,005200614,005200614,005200614,005200614
004640695,004640695,004640695,004640695,004640695
003099006,003099006,003099006,003099006,003099006
005031414,005031414,005031414,005031414,005031414
006565726,006565726,006565726,006565726,006565726
008092258,008092258,008092258,008092258,008092258
001361421,001361421,001361421,001361421,001361421
006121966,006121966,006121966,006121966,006121966
007324122,007324122,007324122,007324122,007324122
001077292,001077292,001077292,001077292,001077292
009127385,009127385,009127385,009127385,009127385
002011990,002011990,002011990,002011990,002011990
003160507,003160507,003160507,003160507,003160507
003207706,003207706,003207706,003207706,003207706
001524578,001524578,001524578,001524578,001524578
003283571,003283571,003283571,003283571,003283571
009367181,009367181,009367181,009367181,009367181
004140157,004140157,004140157,004140157,004140157
005109452,005109452,005109452,005109452,005109452
001184258,001184258,001184258,001184258,001184258
004100478,004100478,004100478,004100478,004100478
001161961,001161961,001161961,001161961,001161961
008201053,008201053,008201053,008201053,008201053
001141694,001141694,001141694,001141694,001141694
002181558,002181558,002181558,002181558,002181558
005011279,005011279,005011279,005011279,005011279
001055428,001055428,001055428,001055428,001055428
006320076,006320076,006320076,006320076,006320076
001200157,001200157,001200157,001200157,001200157
007160423,007160423,007160423,007160423,007160423
003074818,003074818,003074818,003074818,003074818
002100986,002100986,002100986,002100986,002100986
004104752,004104752,004104752,004104752,004104752
002162655,002162655,002162655,002162655,002162655
009162202,009162202,009162202,009162202,009162202
005584088,005584088,005584088,005584088,005584088
001017065,001017065,001017065,001017065,001017065
003381644,003381644,003381644,003381644,003381644
005707147,005707147,005707147,005707147,005707147
009382634,009382634,009382634,009382634,009382634
008101774,008101774,008101774,008101774,008101774
001206205,001206205,001206205,001206205,001206205
001125906,001125906,001125906,001125906,001125906
003361597,003361597,003361597,003361597,003361597
007441137,007441137,007441137,007441137,007441137
007167937,007167937,007167937,007167937,007167937
007166484,007166484,007166484,007166484,007166484
003058369,003058369,003058369,003058369,003058369
003246290,003246290,003246290,003246290,003246290
008092008,008092008,008092008,008092008,008092008
001384423,001384423,001384423,001384423,001384423
008383940,008383940,008383940,008383940,008383940
005367024,005367024,005367024,005367024,005367024
005269978,005269978,005269978,005269978,005269978
007145558,007145558,007145558,007145558,007145558
001140131,001140131,001140131,001140131,001140131
001079199,001079199,001079199,001079199,001079199
001163144,001163144,001163144,001163144,001163144
005051509,005051509,005051509,005051509,005051509
005421645,005421645,005421645,005421645,005421645
008100623,008100623,008100623,008100623,008100623
002203475,002203475,002203475,002203475,002203475
007966702,007966702,007966702,007966702,007966702
004282351,004282351,004282351,004282351,004282351
001520661,001520661,001520661,001520661,001520661
001200863,001200863,001200863,001200863,001200863
002161128,002161128,002161128,002161128,002161128
002010530,002010530,002010530,002010530,002010530
003104567,003104567,003104567,003104567,003104567
007404590,007404590,007404590,007404590,007404590
005229116,005229116,005229116,005229116,005229116
003033742,003033742,003033742,003033742,003033742
002163180,002163180,002163180,002163180,002163180
003325085,003325085,003325085,003325085,003325085
007300665,007300665,007300665,007300665,007300665
008017305,008017305,008017305,008017305,008017305
009055222,009055222,009055222,009055222,009055222
007183284,007183284,007183284,007183284,007183284
002148670,002148670,002148670,002148670,002148670
010011314,010011314,010011314,010011314,010011314
006162036,006162036,006162036,006162036,006162036
002320193,002320193,002320193,002320193,002320193
003102047,003102047,003102047,003102047,003102047
009145188,009145188,009145188,009145188,009145188
002013443,002013443,002013443,002013443,002013443
002071771,002071771,002071771,002071771,002071771
005224534,005224534,005224534,005224534,005224534
006140902,006140902,006140902,006140902,006140902
007463683,007463683,007463683,007463683,007463683
004050536,004050536,004050536,004050536,004050536
008247875,008247875,008247875,008247875,008247875
008140590,008140590,008140590,008140590,008140590
009037772,009037772,009037772,009037772,009037772
008097380,008097380,008097380,008097380,008097380
001186227,001186227,001186227,001186227,001186227
001058630,001058630,001058630,001058630,001058630
005054831,005054831,005054831,005054831,005054831
006362569,006362569,006362569,006362569,006362569
002168344,002168344,002168344,002168344,002168344
008163084,008163084,008163084,008163084,008163084
007099629,007099629,007099629,007099629,007099629
008522716,008522716,008522716,008522716,008522716
006091066,006091066,006091066,006091066,006091066
006097140,006097140,006097140,006097140,006097140
005249409,005249409,005249409,005249409,005249409
009074614,009074614,009074614,009074614,009074614
007246225,007246225,007246225,007246225,007246225
002015211,002015211,002015211,002015211,002015211
007327625,007327625,007327625,007327625,007327625
007227619,007227619,007227619,007227619,007227619
007264821,007264821,007264821,007264821,007264821
003249631,003249631,003249631,003249631,003249631
002126373,002126373,002126373,002126373,002126373
005143653,005143653,005143653,005143653,005143653
007200303,007200303,007200303,007200303,007200303
007107307,007107307,007107307,007107307,007107307
006056011,006056011,006056011,006056011,006056011
004407406,004407406,004407406,004407406,004407406
009269970,009269970,009269970,009269970,009269970
006362694,006362694,006362694,006362694,006362694
009203757,009203757,009203757,009203757,009203757
001145589,001145589,001145589,001145589,001145589
008140150,008140150,008140150,008140150,008140150
008206303,008206303,008206303,008206303,008206303
004015925,004015925,004015925,004015925,004015925
006102489,006102489,006102489,006102489,006102489
006073825,006073825,006073825,006073825,006073825
007205479,007205479,007205479,007205479,007205479
001149503,001149503,001149503,001149503,001149503
006017642,006017642,006017642,006017642,006017642
001163343,001163343,001163343,001163343,001163343
008303693,008303693,008303693,008303693,008303693
003098413,003098413,003098413,003098413,003098413
005183489,005183489,005183489,005183489,005183489
005685100,005685100,005685100,005685100,005685100
002205444,002205444,002205444,002205444,002205444
001125398,001125398,001125398,001125398,001125398
003093585,003093585,003093585,003093585,003093585
002127374,002127374,002127374,002127374,002127374
006144278,006144278,006144278,006144278,006144278
001283720,001283720,001283720,001283720,001283720
006013820,006013820,006013820,006013820,006013820
004036335,004036335,004036335,004036335,004036335
004488739,004488739,004488739,004488739,004488739
008187646,008187646,008187646,008187646,008187646
009100511,009100511,009100511,009100511,009100511
004326472,004326472,004326472,004326472,004326472
002011628,002011628,002011628,002011628,002011628
009037143,009037143,009037143,009037143,009037143
005140873,005140873,005140873,005140873,005140873
003078663,003078663,003078663,003078663,003078663
007326380,007326380,007326380,007326380,007326380
007324716,007324716,007324716,007324716,007324716
006165108,006165108,006165108,006165108,006165108
004327208,004327208,004327208,004327208,004327208
006283240,006283240,006283240,006283240,006283240
006204390,006204390,006204390,006204390,006204390
003148245,003148245,003148245,003148245,003148245
001031648,001031648,001031648,001031648,001031648
001282884,001282884,001282884,001282884,001282884
002286291,002286291,002286291,002286291,002286291
004092917,004092917,004092917,004092917,004092917
007369288,007369288,007369288,007369288,007369288
001109519,001109519,001109519,001109519,001109519
007265907,007265907,007265907,007265907,007265907
005180292,005180292,005180292,005180292,005180292
007422195,007422195,007422195,007422195,007422195
002105123,002105123,002105123,002105123,002105123
002344408,002344408,002344408,002344408,002344408
007125938,007125938,007125938,007125938,007125938
005264431,005264431,005264431,005264431,005264431
005017702,005017702,005017702,005017702,005017702
008038328,008038328,008038328,008038328,008038328
004640524,004640524,004640524,004640524,004640524
002034041,002034041,002034041,002034041,002034041
001053315,001053315,001053315,001053315,001053315
005011576,005011576,005011576,005011576,005011576
006641042,006641042,006641042,006641042,006641042
005244040,005244040,005244040,005244040,005244040
008185030,008185030,008185030,008185030,008185030
002187448,002187448,002187448,002187448,002187448
003050421,003050421,003050421,003050421,003050421
002102998,002102998,002102998,002102998,002102998
001016545,001016545,001016545,001016545,001016545
004301627,004301627,004301627,004301627,004301627
006609311,006609311,006609311,006609311,006609311
001019774,001019774,001019774,001019774,001019774
009148632,009148632,009148632,009148632,009148632
004649838,004649838,004649838,004649838,004649838
007281085,007281085,007281085,007281085,007281085
004446900,004446900,004446900,004446900,004446900
009248674,009248674,009248674,009248674,009248674
004162151,004162151,004162151,004162151,004162151
002018251,002018251,002018251,002018251,002018251
001075386,001075386,001075386,001075386,001075386
004345032,004345032,004345032,004345032,004345032
002226469,002226469,002226469,002226469,002226469
004586812,004586812,004586812,004586812,004586812
001011373,001011373,001011373,001011373,001011373
001072809,001072809,001072809,001072809,001072809
001184165,001184165,001184165,001184165,001184165
009168162,009168162,009168162,009168162,009168162
003030148,003030148,003030148,003030148,003030148
009346657,009346657,009346657,009346657,009346657
003221109,003221109,003221109,003221109,003221109
004038174,004038174,004038174,004038174,004038174
007164126,007164126,007164126,007164126,007164126
001052165,001052165,001052165,001052165,001052165
001145133,001145133,001145133,001145133,001145133
004100634,004100634,004100634,004100634,004100634
004249395,004249395,004249395,004249395,004249395
006162229,006162229,006162229,006162229,006162229
007308522,007308522,007308522,007308522,007308522
005123933,005123933,005123933,005123933,005123933
005184742,005184742,005184742,005184742,005184742
001039203,001039203,001039203,001039203,001039203
005248340,005248340,005248340,005248340,005248340
004525992,004525992,004525992,004525992,004525992
004264021,004264021,004264021,004264021,004264021
005075039,005075039,005075039,005075039,005075039
005467854,005467854,005467854,005467854,005467854
005146129,005146129,005146129,005146129,005146129
004821458,004821458,004821458,004821458,004821458
008013658,008013658,008013658,008013658,008013658
004094399,004094399,004094399,004094399,004094399
008054712,008054712,008054712,008054712,008054712
008056676,008056676,008056676,008056676,008056676
003076932,003076932,003076932,003076932,003076932
004647762,004647762,004647762,004647762,004647762
004322933,004322933,004322933,004322933,004322933
009097769,009097769,009097769,009097769,009097769
003407849,003407849,003407849,003407849,003407849
010018489,010018489,010018489,010018489,010018489
002078399,002078399,002078399,002078399,002078399
005104539,005104539,005104539,005104539,005104539
008034533,008034533,008034533,008034533,008034533
007642962,007642962,007642962,007642962,007642962
001095553,001095553,001095553,001095553,001095553
001104620,001104620,001104620,001104620,001104620
007073061,007073061,007073061,007073061,007073061
008165246,008165246,008165246,008165246,008165246
004302810,004302810,004302810,004302810,004302810
008169569,008169569,008169569,008169569,008169569
007466792,007466792,007466792,007466792,007466792
007563161,007563161,007563161,007563161,007563161
001269603,001269603,001269603,001269603,001269603
001105943,001105943,001105943,001105943,001105943
008160452,008160452,008160452,008160452,008160452
005164895,005164895,005164895,005164895,005164895
002341300,002341300,002341300,002341300,002341300
001221865,001221865,001221865,001221865,001221865
002096138,002096138,002096138,002096138,002096138
007303510,007303510,007303510,007303510,007303510
001541425,001541425,001541425,001541425,001541425
007543382,007543382,007543382,007543382,007543382
005121393,005121393,005121393,005121393,005121393
004589565,004589565,004589565,004589565,004589565
002144074,002144074,002144074,002144074,002144074
008059311,008059311,008059311,008059311,008059311
003077732,003077732,003077732,003077732,003077732
007018683,007018683,007018683,007018683,007018683
005107036,005107036,005107036,005107036,005107036
004075672,004075672,004075672,004075672,004075672
003109780,003109780,003109780,003109780,003109780
001429335,001429335,001429335,001429335,001429335
008102033,008102033,008102033,008102033,008102033
002057894,002057894,002057894,002057894,002057894
006309332,006309332,006309332,006309332,006309332
001012716,001012716,001012716,001012716,001012716
007126424,007126424,007126424,007126424,007126424
005928339,005928339,005928339,005928339,005928339
007183066,007183066,007183066,007183066,007183066
009448553,009448553,009448553,009448553,009448553
008090020,008090020,008090020,008090020,008090020
006348274,006348274,006348274,006348274,006348274
005183713,005183713,005183713,005183713,005183713
003264691,003264691,003264691,003264691,003264691
005077419,005077419,005077419,005077419,005077419
005109196,005109196,005109196,005109196,005109196
003283482,003283482,003283482,003283482,003283482
007109975,007109975,007109975,007109975,007109975
005123325,005123325,005123325,005123325,005123325
005125861,005125861,005125861,005125861,005125861
005280951,005280951,005280951,005280951,005280951
004030706,004030706,004030706,004030706,004030706
006222635,006222635,006222635,006222635,006222635
001039362,001039362,001039362,001039362,001039362
008209848,008209848,008209848,008209848,008209848
005201737,005201737,005201737,005201737,005201737
004645661,004645661,004645661,004645661,004645661
008526764,008526764,008526764,008526764,008526764
009091313,009091313,009091313,009091313,009091313
004209581,004209581,004209581,004209581,004209581
004386413,004386413,004386413,004386413,004386413
005039440,005039440,005039440,005039440,005039440
005241109,005241109,005241109,005241109,005241109
005162048,005162048,005162048,005162048,005162048
004093526,004093526,004093526,004093526,004093526
004010318,004010318,004010318,004010318,004010318
005093009,005093009,005093009,005093009,005093009
008072173,008072173,008072173,008072173,008072173
002408513,002408513,002408513,002408513,002408513
003109003,003109003,003109003,003109003,003109003
007220723,007220723,007220723,007220723,007220723
005267974,005267974,005267974,005267974,005267974
007304399,007304399,007304399,007304399,007304399
001227587,001227587,001227587,001227587,001227587
001141658,001141658,001141658,001141658,001141658
007167194,007167194,007167194,007167194,007167194
009221574,009221574,009221574,009221574,009221574
008093006,008093006,008093006,008093006,008093006
005167932,005167932,005167932,005167932,005167932
005308285,005308285,005308285,005308285,005308285
007017319,007017319,007017319,007017319,007017319
005102201,005102201,005102201,005102201,005102201
006143371,006143371,006143371,006143371,006143371
004144430,004144430,004144430,004144430,004144430
008485508,008485508,008485508,008485508,008485508
001167721,001167721,001167721,001167721,001167721
008183750,008183750,008183750,008183750,008183750
006203805,006203805,006203805,006203805,006203805
004019540,004019540,004019540,004019540,004019540
003148053,003148053,003148053,003148053,003148053
001034799,001034799,001034799,001034799,001034799
007142614,007142614,007142614,007142614,007142614
009527735,009527735,009527735,009527735,009527735
006266730,006266730,006266730,006266730,006266730
004687701,004687701,004687701,004687701,004687701
005264481,005264481,005264481,005264481,005264481
004661058,004661058,004661058,004661058,004661058
007283248,007283248,007283248,007283248,007283248
005051125,005051125,005051125,005051125,005051125
006283941,006283941,006283941,006283941,006283941
006076266,006076266,006076266,006076266,006076266
002266022,002266022,002266022,002266022,002266022
001404285,001404285,001404285,001404285,001404285
001162438,001162438,001162438,001162438,001162438
004100025,004100025,004100025,004100025,004100025
007181232,007181232,007181232,007181232,007181232
001092525,001092525,001092525,001092525,001092525
004268387,004268387,004268387,004268387,004268387
004016348,004016348,004016348,004016348,004016348
009162101,009162101,009162101,009162101,009162101
005520395,005520395,005520395,005520395,005520395
004364310,004364310,004364310,004364310,004364310
008247265,008247265,008247265,008247265,008247265
007091532,007091532,007091532,007091532,007091532
001121576,001121576,001121576,001121576,001121576
001304610,001304610,001304610,001304610,001304610
007840826,007840826,007840826,007840826,007840826
006362620,006362620,006362620,006362620,006362620
003229088,003229088,003229088,003229088,003229088
002144144,002144144,002144144,002144144,002144144
006320503,006320503,006320503,006320503,006320503
003386170,003386170,003386170,003386170,003386170
008094189,008094189,008094189,008094189,008094189
008147182,008147182,008147182,008147182,008147182
001268060,001268060,001268060,001268060,001268060
007227273,007227273,007227273,007227273,007227273
002017767,002017767,002017767,002017767,002017767
001520233,001520233,001520233,001520233,001520233
005160599,005160599,005160599,005160599,005160599
009076223,009076223,009076223,009076223,009076223
005129884,005129884,005129884,005129884,005129884
005078526,005078526,005078526,005078526,005078526
005667916,005667916,005667916,005667916,005667916
006145554,006145554,006145554,006145554,006145554
007144361,007144361,007144361,007144361,007144361
008327809,008327809,008327809,008327809,008327809
004209098,004209098,004209098,004209098,004209098
009443126,009443126,009443126,009443126,009443126
005242086,005242086,005242086,005242086,005242086
007621313,007621313,007621313,007621313,007621313
005324141,005324141,005324141,005324141,005324141
007304973,007304973,007304973,007304973,007304973
003019434,003019434,003019434,003019434,003019434
007072181,007072181,007072181,007072181,007072181
005160003,005160003,005160003,005160003,005160003
008289946,008289946,008289946,008289946,008289946
005161568,005161568,005161568,005161568,005161568
007644730,007644730,007644730,007644730,007644730
004306416,004306416,004306416,004306416,004306416
007460003,007460003,007460003,007460003,007460003
007462005,007462005,007462005,007462005,007462005
001147948,001147948,001147948,001147948,001147948
004644316,004644316,004644316,004644316,004644316
003014809,003014809,003014809,003014809,003014809
004343911,004343911,004343911,004343911,004343911
008206382,008206382,008206382,008206382,008206382
007144024,007144024,007144024,007144024,007144024
001148313,001148313,001148313,001148313,001148313
002207978,002207978,002207978,002207978,002207978
001033128,001033128,001033128,001033128,001033128
007225365,007225365,007225365,007225365,007225365
006208770,006208770,006208770,006208770,006208770
005019894,005019894,005019894,005019894,005019894
008425192,008425192,008425192,008425192,008425192
008364692,008364692,008364692,008364692,008364692
001400252,001400252,001400252,001400252,001400252
005144511,005144511,005144511,005144511,005144511
008227466,008227466,008227466,008227466,008227466
005055504,005055504,005055504,005055504,005055504
007033012,007033012,007033012,007033012,007033012
002342112,002342112,002342112,002342112,002342112
003058208,003058208,003058208,003058208,003058208
002090563,002090563,002090563,002090563,002090563
008097179,008097179,008097179,008097179,008097179
009225538,009225538,009225538,009225538,009225538
003228574,003228574,003228574,003228574,003228574
005051036,005051036,005051036,005051036,005051036
005079922,005079922,005079922,005079922,005079922
005123220,005123220,005123220,005123220,005123220
004229601,004229601,004229601,004229601,004229601
005243413,005243413,005243413,005243413,005243413
001525778,001525778,001525778,001525778,001525778
009186533,009186533,009186533,009186533,009186533
002342097,002342097,002342097,002342097,002342097
004225785,004225785,004225785,004225785,004225785
007166020,007166020,007166020,007166020,007166020
009078664,009078664,009078664,009078664,009078664
008072710,008072710,008072710,008072710,008072710
007704169,007704169,007704169,007704169,007704169
006122501,006122501,006122501,006122501,006122501
002302802,002302802,002302802,002302802,002302802
001035231,001035231,001035231,001035231,001035231
007018561,007018561,007018561,007018561,007018561
004422056,004422056,004422056,004422056,004422056
003030603,003030603,003030603,003030603,003030603
002099168,002099168,002099168,002099168,002099168
007224129,007224129,007224129,007224129,007224129
006052503,006052503,006052503,006052503,006052503
009263409,009263409,009263409,009263409,009263409
007095947,007095947,007095947,007095947,007095947
007289583,007289583,007289583,007289583,007289583
007091566,007091566,007091566,007091566,007091566
005326825,005326825,005326825,005326825,005326825
006187788,006187788,006187788,006187788,006187788
005163826,005163826,005163826,005163826,005163826
005388771,005388771,005388771,005388771,005388771
002129852,002129852,002129852,002129852,002129852
001099445,001099445,001099445,001099445,001099445
